,Label,Value,Error
0,1,5.782466948789006,0.7187176525186484
1,2,8.262796660325153,0.5760304515483541
2,3,4.543658069979777,1.63239358444703
3,4,5.239720404786115,1.8032300691131198
4,5,8.131160159808845,1.3480169063229979
5,6,12.641705471891155,0.36633058276171354
6,7,27.182850239287156,10.975400754257427
7,8,15.590700906021057,1.6354460113190106
8,9,29.66853708889958,12.572345575639298
9,10,5.777228974444176,2.278714468473832
10,11,18.65344106010934,2.9037104460001832
11,12,11.149466908871904,1.2159831970315282
12,13,6.49636070041592,2.4200472926074315
13,14,37.091884151374245,17.731315761378063
14,15,25.36986002369063,6.961351951256668
15,16,30.90235406033137,11.346781251876477
16,17,12.067491994481795,1.3892408806205037
17,18,6.728900142386998,2.648925290691945
18,19,9.559018223723937,2.298595667316965
19,20,10.493729950198738,2.1261526985503334
20,21,15.246209880419933,0.40045697834974425
21,22,8.264791211668246,2.692322947790244
22,23,7.075831990755963,2.831901159057777
23,24,15.622557710337402,0.4003889997410948
24,25,40.89425821462705,18.48680999101706
25,26,9.66154977787095,2.4937855997399634
26,27,15.072461403278274,0.5216235217124008
27,28,16.86589001772026,0.35838248635501735
28,29,30.119647534387475,9.0940588291848
29,30,13.17398747622743,1.597337618159502
30,31,35.38573128671636,13.189930917179634
31,32,33.83110383701534,11.471087799271785
32,33,24.15687671612023,3.68108623417566
33,34,8.917879959533638,2.9816110485153176
34,35,25.87772581375229,5.105615572329432
35,36,18.487612815584075,0.10360263457848755
36,37,36.66869002685897,12.569884631897702
37,38,20.00919229181198,0.8739416884006489
38,39,20.291433447083122,0.7374248074178181
39,40,26.006967185645067,4.59836442863343
40,41,13.3684580260208,2.3763017291655517
41,42,20.184926522781712,0.4693770317519543
42,43,21.205291857915967,0.9689498847118783
43,44,12.586617520027604,2.6895761865957244
44,45,17.13663374983231,1.1388283765907754
45,46,49.741095874246405,23.239016471055667
46,47,40.8224637379572,14.855605647122344
47,48,28.92430618336765,5.364784370984289
48,49,9.370251279817778,3.45986428562911
49,50,13.979353175049898,2.5572898240953594
50,51,12.673499002168525,2.9537242551550342
51,52,50.073492081306846,22.677570943806987
52,53,47.553178943727744,20.70050366549137
53,54,27.880837073005335,4.180822115668153
54,55,22.907619706914623,1.443968003053715
55,56,39.14978615099821,12.448935466709242
56,57,16.401659237539576,1.8512430299668683
57,58,10.849842291098795,3.464910037570697
58,59,54.77295957540391,26.56369432557014
59,60,16.5215587113037,1.7524221777706277
60,61,27.548433602758184,3.6278940537803663
61,62,29.549634024624197,5.010726076554941
62,63,54.52685168194401,26.497547183313348
63,64,13.681819405392718,2.875530213686379
64,65,32.357709524071325,6.9330614163958915
65,66,55.018830853559734,25.9508313255392
66,67,12.668963139999224,3.2986021462526125
67,68,49.41751976142718,20.596248120077902
68,69,41.403520301038206,13.039484474208011
69,70,27.115802364806953,2.664958890328231
70,71,11.754707495845816,3.698101272512253
71,72,11.583744075152095,3.746801098459325
72,73,27.962703119082946,3.023897497488571
73,74,37.75163798262329,9.714457242493857
74,75,24.598310184914336,1.0491943693574635
75,76,54.097237804510286,23.57925346231137
76,77,13.602797979484583,3.487849432800173
77,78,21.814531657154824,0.5703035339983665
78,79,14.924080134544115,3.2185187501674126
79,80,24.772916931569956,0.8167093214598292
80,81,15.093124382621552,3.2116707110289195
81,82,32.02578838871098,5.122071905887457
82,83,10.251956257589407,4.100631744635128
83,84,20.83273867131079,1.265971964543773
84,85,10.560863108851159,4.115996140292897
85,86,30.573144550448344,4.0454151935700615
86,87,57.19486756170484,26.17925953901141
87,88,9.843461724033578,4.195743864566821
88,89,15.40563099868874,3.3519660502057165
89,90,45.076790559144044,14.326663236830942
90,91,23.81223121793302,0.2105798991207775
91,92,40.16239684010403,10.375566771667915
92,93,8.74331121272964,4.278642957611559
93,94,16.80138006280925,2.840450321792062
94,95,9.542932050984483,4.322240149409696
95,96,11.393644415083317,4.124332726960906
96,97,10.646768910112435,4.305183625459645
97,98,14.662574466549806,3.7458573531247996
98,99,26.290015548785906,1.302993280345699
99,100,38.953660515880976,9.340599031511271
